1 0.5304948216340621 0.8685287249577723 0.2646720368239355 0.16080188964932474
1 0.8423475258918296 0.8625730994152048 0.2508630609896433 0.1885948088479735
1 0.1760644418872267 0.6213702649412176 0.31300345224395854 0.21043210250405445
1 0.14959723820483314 0.38810826452398733 0.18642117376294592 0.18065397479121667
1 0.4384349827387802 0.374211804924663 0.3406214039125432 0.1687427237060815
1 0.2238204833141542 0.14194240876452735 0.3878020713463751 0.18859480884797342
1 0.5558112773302647 0.13896459599324357 0.23475258918296887 0.17866876627702744
1 0.8538550057537398 0.1608018896493247 0.2600690448791714 0.1667575151918923
1 0.8037974683544304 0.39704170283783874 0.3624856156501728 0.16278709816351392
1 0.8636363636363638 0.6422149543402043 0.24280782508630622 0.1528610555925679
2 0.1852704257767549 0.8744843505003399 0.3406214039125432 0.1806539747912167
2 0.5397008055235903 0.6273258904837853 0.3406214039125431 0.2024912684472978
