1 0.5055045871559634 0.9027522935779817 0.8458715596330276 0.1834862385321101
1 0.4954128440366973 0.6862385321100918 0.8917431192660551 0.17247706422018352
1 0.7394495412844038 0.6009174311926606 0.41834862385321103 0.11192660550458726
1 0.18715596330275233 0.48073394495412847 0.27889908256880735 0.13211009174311925
1 0.6706422018348625 0.45321100917431195 0.544954128440367 0.1321100917431192
1 0.21926605504587157 0.33669724770642206 0.3504587155963303 0.10091743119266056
1 0.5330275229357798 0.3357798165137615 0.17064220183486234 0.06972477064220187
1 0.828440366972477 0.32752293577981656 0.22568807339449548 0.10091743119266056
1 0.2412844036697248 0.22201834862385322 0.398165137614679 0.09908256880733944
1 0.2550458715596331 0.09449541284403669 0.4146788990825689 0.11926605504587155
1 0.7449541284403671 0.21834862385321102 0.42201834862385323 0.11376146788990824
1 0.7422018348623854 0.0963302752293578 0.44220183486238523 0.12660550458715597
