1 0.09272300469483569 0.5147686116700201 0.107981220657277 0.15645875251509053
1 0.12147887323943664 0.3554124748490945 0.09741784037558687 0.1004426559356137
1 0.36913145539906106 0.3399597585513078 0.2288732394366197 0.20088531187122738
1 0.36795774647887325 0.5495372233400402 0.2335680751173709 0.16032193158953725
1 0.36678403755868544 0.8257545271629777 0.11150234741784036 0.1178269617706239
1 0.6261737089201876 0.801609657947686 0.11384976525821593 0.15066398390342045
1 0.681924882629108 0.5727162977867202 0.2253521126760564 0.21054325955734407
1 0.5833333333333333 0.42494969818913475 0.1267605633802816 0.13907444668008048
1 0.6091549295774648 0.21730382293762573 0.08920187793427231 0.09851106639839032
1 0.8820422535211268 0.41818913480885306 0.07629107981220656 0.1216901408450704
